varY<-c(1:100)
varX<-c(200:300)

